1.0000000000
1.4142135624
1.7320508076
2.0000000000
2.2360679775
2.4494897428
2.6457513111
2.8284271247
3.0000000000
3.1622776602
3.3166247904
3.4641016151
3.6055512755
3.7416573868
3.8729833462
4.0000000000
4.1231056256
4.2426406871
4.3588989435
4.4721359550
4.5825756950
4.6904157598
4.7958315233
4.8989794856
5.0000000000
5.0990195136
5.1961524227
5.2915026221
5.3851648071
5.4772255751
5.5677643628
5.6568542495
5.7445626465
5.8309518948
5.9160797831
6.0000000000
6.0827625303
6.1644140030
6.2449979984
6.3245553203
6.4031242374
6.4807406984
6.5574385243
6.6332495807
6.7082039325
6.7823299831
6.8556546004
6.9282032303
7.0000000000
7.0710678119
7.1414284285
7.2111025509
7.2801098893
7.3484692283
7.4161984871
7.4833147735
7.5498344353
7.6157731059
7.6811457479
7.7459666924
7.8102496759
7.8740078740
7.9372539332
8.0000000000
8.0622577483
8.1240384046
8.1853527719
8.2462112512
8.3066238629
8.3666002653
8.4261497732
8.4852813742
8.5440037453
8.6023252670
8.6602540378
8.7177978871
8.7749643874
8.8317608663
8.8881944173
8.9442719100
9.0000000000
9.0553851381
9.1104335791
9.1651513899
9.2195444573
9.2736184955
9.3273790531
9.3808315196
9.4339811321
9.4868329805
9.5393920142
9.5916630466
9.6436507610
9.6953597148
9.7467943448
9.7979589711
9.8488578018
9.8994949366
9.9498743711
10.0000000000
